2 0.720990 0.730867 0.077456 0.178234 0.850442
2 0.557652 0.548664 0.073395 0.156193 0.818614
2 0.212294 0.579147 0.091854 0.195083 0.783343
2 0.642136 0.480369 0.069633 0.181162 0.751351
2 0.164433 0.334949 0.169032 0.185565 0.747490
2 0.733558 0.470177 0.077631 0.194291 0.745070
2 0.631065 0.747510 0.070752 0.180892 0.715890
2 0.461231 0.550455 0.070832 0.152315 0.699632
2 0.548707 0.748559 0.068786 0.159562 0.699213
2 0.827968 0.755818 0.083719 0.231161 0.691673
2 0.565420 0.316979 0.071706 0.160768 0.690586
2 0.461802 0.757697 0.069264 0.159725 0.670254
2 0.461024 0.322451 0.075695 0.165300 0.651377
2 0.332099 0.775451 0.075809 0.194313 0.649709
2 0.654547 0.138498 0.071182 0.191203 0.642591
2 0.204894 0.781362 0.075829 0.191781 0.277545
