2 0.680947 0.536170 0.108007 0.066991 0.808052
2 0.433129 0.514211 0.094710 0.068468 0.774068
2 0.495560 0.756594 0.317962 0.269337 0.767763
2 0.248727 0.504162 0.086878 0.055714 0.754136
2 0.776313 0.290647 0.143912 0.079120 0.732337
2 0.355358 0.281901 0.051014 0.039679 0.653558
2 0.113858 0.440062 0.077280 0.058007 0.572721
2 0.509034 0.494730 0.082581 0.070084 0.540423
2 0.840434 0.198060 0.048581 0.035021 0.485388
2 0.231592 0.406832 0.070505 0.057726 0.433424
2 0.010854 0.560159 0.021507 0.050778 0.419098
2 0.487333 0.242186 0.031917 0.032854 0.320358
4 0.509214 0.494792 0.082328 0.071756 0.307156
