2 0.394862 0.241822 0.160802 0.089030 0.779295
2 0.073119 0.090463 0.107798 0.083680 0.709084
6 0.891835 0.638820 0.018838 0.064712 0.708034
6 0.867132 0.624815 0.017863 0.054973 0.651570
2 0.125278 0.173068 0.120281 0.087505 0.649751
2 0.814473 0.446662 0.117525 0.087117 0.613890
6 0.931221 0.725397 0.021712 0.069333 0.526801
6 0.808782 0.610687 0.018353 0.060719 0.476932
2 0.403108 0.543205 0.185989 0.131353 0.463528
6 0.679483 0.880233 0.023797 0.080369 0.463325
2 0.932647 0.543815 0.118273 0.100829 0.377180
6 0.719374 0.581791 0.018938 0.066432 0.365818
6 0.421445 0.818954 0.022939 0.075006 0.291496
6 0.223411 0.792045 0.021733 0.071602 0.285563
2 0.829347 0.529564 0.104953 0.088987 0.283206
