10 0.926363 0.415299 0.091900 0.095393 0.929817
2 0.530520 0.486599 0.067311 0.067680 0.665126
2 0.302291 0.352355 0.088965 0.083102 0.652373
2 0.177812 0.344703 0.099518 0.073494 0.552228
2 0.407715 0.380074 0.086269 0.082342 0.499961
2 0.062131 0.453308 0.102295 0.082062 0.398682
6 0.301239 0.455883 0.014275 0.028715 0.344103
4 0.062862 0.453653 0.102280 0.079331 0.337340
4 0.177919 0.343690 0.098884 0.072136 0.312983
10 0.899777 0.576238 0.022775 0.049482 0.306203
6 0.066548 0.574836 0.015197 0.032286 0.296253
