10 0.514339 0.244657 0.129799 0.104554 0.919995
10 0.658242 0.430860 0.069557 0.089179 0.898382
10 0.131848 0.764020 0.068643 0.092262 0.895929
10 0.369577 0.724060 0.065596 0.091529 0.893176
10 0.512446 0.559135 0.068475 0.100758 0.892237
10 0.768356 0.582670 0.067961 0.100955 0.888156
10 0.245700 0.600307 0.070513 0.098337 0.887788
10 0.850318 0.703314 0.065829 0.091673 0.882280
10 0.647832 0.684188 0.063715 0.093728 0.877875
10 0.352202 0.447883 0.069906 0.091679 0.833766
10 0.516657 0.827485 0.120079 0.094314 0.824464
